0000
0000
0000
0000
,  // measure 1
0000
0000
0000
0000
,  // measure 2
0000
0000
0000
0000
,  // measure 3
0000
0000
0000
0000
,  // measure 4
0010
0100
0010
0000
1000
0100
1000
0000
,  // measure 5
0001
0100
0001
0000
1000
0001
1000
0000
,  // measure 6
0010
0000
1000
0000
0100
0000
0010
0000
0001
0000
0000
0000
0100
0010
0100
0000
,  // measure 7
0002
0000
0000
0000
0000
1000
1003
0000
,  // measure 8
0010
1000
0010
1000
0001
1000
0001
1000
,  // measure 9
0100
0010
0100
0010
0001
0010
0001
0010
,  // measure 10
0001
0100
0010
1000
0100
0010
0001
1000
,  // measure 11
0020
0000
1030
0000
1001
0000
1000
0010
,  // measure 12
0100
0001
0100
0001
1000
0001
1000
0001
,  // measure 13
0010
0100
0010
0100
1000
0100
1000
0100
,  // measure 14
1000
0010
0100
0001
0010
0100
1000
0001
,  // measure 15
0200
0000
0000
0000
0000
0310
0010
0100
,  // measure 16
0002
0000
0000
0000
1003
0100
1000
0010
,  // measure 17
0200
0000
0000
0000
0000
0301
0010
0001
,  // measure 18
2000
0000
0000
3100
0020
0000
0000
0031
,  // measure 19
2000
0000
3002
0000
0203
0000
0310
1000
,  // measure 20
0200
0000
0310
0001
1000
1000
0010
1000
,  // measure 21
0002
0000
0000
0000
0000
0103
0100
0010
,  // measure 22
2000
0000
0000
3100
0020
0000
0000
0031
,  // measure 23
2000
0000
0000
3010
0100
0100
0001
1000
,  // measure 24
1001
0000
0100
1000
0010
0100
0001
1000
,  // measure 25
0010
0000
0101
0000
1100
0000
0010
0001
,  // measure 26
1000
0000
0100
1000
0001
0000
0100
0001
,  // measure 27
1000
1000
1010
0000
1001
0000
0100
0001
,  // measure 28
1000
0000
0100
0010
0001
0010
0100
1000
,  // measure 29
0001
0000
0110
0000
1001
1000
0010
0100
,  // measure 30
0001
0000
1000
0001
0100
0000
0010
1000
,  // measure 31
0100
0000
0000
0000
0010
0000
0001
0000
1000
0000
1000
0000
0010
0100
0010
0000
,  // measure 32
1000
0000
1000
0000
0100
0010
0001
0000
1000
0000
1000
0000
0010
0100
0001
0000
,  // measure 33
1000
0000
1000
0000
0001
0010
0100
0000
0010
0000
0010
0000
0001
1000
0010
0000
,  // measure 34
0100
0000
0100
0000
0001
1000
0100
0000
0010
0000
0010
0000
0001
1000
0010
0000
,  // measure 35
1000
0000
1000
0000
0001
0100
0010
0000
0100
0000
0100
0000
0010
1000
0100
0000
,  // measure 36
0010
0000
0010
0000
0001
1000
0010
0000
1000
0000
1000
0000
0100
0010
0001
0000
,  // measure 37
0100
0010
1000
0000
0100
0010
0001
0000
0100
0010
1000
0000
0100
0010
0001
0000
,  // measure 38
1000
0001
1000
0000
0010
0100
0010
0000
1000
0100
1000
0000
0001
0100
0001
0000
,  // measure 39
1000
0000
1000
0000
0010
0100
0010
0000
1000
0000
1000
0000
0100
0010
0100
0000
,  // measure 40
0010
0000
0001
0000
1000
0010
1000
0100
1000
0000
0010
0000
0100
0001
0100
0010
,  // measure 41
1000
0000
0001
0000
0010
0100
0010
0001
1000
0000
0010
0000
1000
0001
1000
0010
,  // measure 42
1000
0000
0100
0000
0010
0001
0010
0100
0010
0000
0001
0000
1000
0001
1000
0001
,  // measure 43
0100
0000
0010
0000
1000
0100
1000
0100
0010
0000
0001
0000
1000
0010
0100
0001
,  // measure 44
1000
0000
0001
0000
0010
0100
0010
0001
1000
0000
0001
0000
0100
0010
0100
0001
,  // measure 45
1000
0000
0001
0000
1000
0100
0010
0001
1000
0000
0001
0000
0100
0010
0100
0001
,  // measure 46
1000
0000
0100
0000
0010
0001
0010
0100
1000
0000
0001
0000
0100
0010
1000
0100
,  // measure 47
0010
0000
0001
0000
1000
0100
0010
0001
1000
0000
0010
0000
0100
0000
0001
0000
,  // measure 48
1100
0000
0000
0000
;